# First uncommented line is how many sorted entries we have
# All the rest are sorted entries
100
490
784
891
1511
1967
2061
2467
3575
3955
3966
4132
4151
4484
4574
4860
5383
5864
5929
6180
6346
6741
6948
8213
8231
8920
9295
9714
9790
10362
10630
10931
11068
11518
11570
11961
12346
12882
12923
13036
13044
13277
13362
13512
13924
14015
14737
14764
14884
14980
15429
16246
16594
16818
16897
17418
17500
17596
17621
18004
18020
18080
19027
19758
20126
20759
20956
21261
21819
22105
22347
22540
22620
24002
24209
24835
25205
25410
25815
25969
26376
26742
26757
26925
27165
28015
28028
28133
28503
28546
29164
29197
29917
30472
30505
30620
30702
31384
32243
32501
32555
