# First uncommented line is the ammount of numbers to sort
# All the rest are the numbers to sort
100
12923
25969
3966
9295
22620
3575
22105
32501
5864
29164
22540
8213
25815
784
11068
10630
16818
16897
26925
12346
14884
12882
21261
891
6948
28503
24209
6346
13036
9714
24835
5383
6180
2467
17621
14015
17418
1967
11570
13924
26376
21819
17596
18004
16246
25205
30702
17500
3955
29197
22347
11518
4574
8231
28015
18020
26757
30505
19758
18080
32555
13512
30620
4860
24002
14737
8920
19027
26742
16594
28133
29917
6741
30472
25410
11961
13044
20126
15429
31384
13277
10362
4484
14980
28546
1511
9790
32243
14764
5929
13362
4132
20759
490
20956
2061
27165
28028
4151
10931
